scenario,run #,output dollar year,target station capacity (kg/day),target number of stations,one-way delivery distance (mile),electricity cost ($/kWh),diesel cost ($/gallon),electricity emission factor (kg CO2/kWh),diesel emission factor (kg CO2/gallon),hydrogen prod. emission factor (kg CO2-eq/kg),formic acid prod. emission factor (kg CO2-eq/kg),hydrogen purchase cost ($/kg),formic acid purchase cost ($/kg),formic acid production pathway,hydr. reaction temperature (K),hydr. reaction pressure (bar),hydr. reaction yield,hydr. reactor volume (m^3),number of hydr. reactors,hydr. catalyst amount (kg),hydr. catalyst cost ($/kg),hydr. catalyst lifetime (yr),hydr. reactor energy (unit TBD),hydr. separator energy (unit TBD),CO2 electrolyzer purchase cost ($/m^2),terminal formic acid storage amount (days),terminal compressed hydrogen storage amount (days),terminal liquid hydrogen storage amount (days),dehydr. reaction temperature (K),dehydr. reaction pressure (bar),dehydr. reaction yield,dehydr. reactor volume (m^3),number of dehydr. reactors,dehydr. catalyst amount (kg),dehydr. catalyst cost ($/kg),dehydr. catalyst lifetime (yr),dehydr. reactor energy (unit TBD),dehydr. gas/liquid separator energy (unit TBD),station formic acid storage amount (days),pathway,location,total levelized cost of hydrogen ($/kg H2)
baseline,0,2022,1000,10,100,0.1709,6.028,0.228,10.18,0,0,0.31,0,electro,366.15,105,1,1,1,53,5450,1,0,0,5250,0.25,0.25,1.0,300,1,0.9999,0.0731028611028611,1,9.64671203342243,3500,1,0,0,1,LOHC - formic acid,refueling station,6.08745778362643
baseline,0,2022,1000,10,100,0.1709,6.028,0.228,10.18,0,0,0.31,0,electro,366.15,105,1,1,1,53,5450,1,0,0,5250,0.25,0.25,1.0,300,1,0.9999,0.0731028611028611,1,9.64671203342243,3500,1,0,0,1,LOHC - formic acid,terminal,15.020300860716624
baseline,0,2022,1000,10,100,0.1709,6.028,0.228,10.18,0,0,0.31,0,electro,366.15,105,1,1,1,53,5450,1,0,0,5250,0.25,0.25,1.0,300,1,0.9999,0.0731028611028611,1,9.64671203342243,3500,1,0,0,1,LOHC - formic acid,truck,11.135787798322093
baseline,0,2022,1000,10,100,0.1709,6.028,0.228,10.18,0,0,0.31,0,electro,366.15,105,1,1,1,53,5450,1,0,0,5250,0.25,0.25,1.0,300,1,0.9999,0.0731028611028611,1,9.64671203342243,3500,1,0,0,1,compressed hydrogen,refueling station,2.5034941358787273
baseline,0,2022,1000,10,100,0.1709,6.028,0.228,10.18,0,0,0.31,0,electro,366.15,105,1,1,1,53,5450,1,0,0,5250,0.25,0.25,1.0,300,1,0.9999,0.0731028611028611,1,9.64671203342243,3500,1,0,0,1,compressed hydrogen,terminal,2.7909702422978375
baseline,0,2022,1000,10,100,0.1709,6.028,0.228,10.18,0,0,0.31,0,electro,366.15,105,1,1,1,53,5450,1,0,0,5250,0.25,0.25,1.0,300,1,0.9999,0.0731028611028611,1,9.64671203342243,3500,1,0,0,1,compressed hydrogen,truck,0.877489096338476
baseline,0,2022,1000,10,100,0.1709,6.028,0.228,10.18,0,0,0.31,0,electro,366.15,105,1,1,1,53,5450,1,0,0,5250,0.25,0.25,1.0,300,1,0.9999,0.0731028611028611,1,9.64671203342243,3500,1,0,0,1,liquid hydrogen,liquefier,4.4352310750937525
baseline,0,2022,1000,10,100,0.1709,6.028,0.228,10.18,0,0,0.31,0,electro,366.15,105,1,1,1,53,5450,1,0,0,5250,0.25,0.25,1.0,300,1,0.9999,0.0731028611028611,1,9.64671203342243,3500,1,0,0,1,liquid hydrogen,refueling station,1.8662260539119262
baseline,0,2022,1000,10,100,0.1709,6.028,0.228,10.18,0,0,0.31,0,electro,366.15,105,1,1,1,53,5450,1,0,0,5250,0.25,0.25,1.0,300,1,0.9999,0.0731028611028611,1,9.64671203342243,3500,1,0,0,1,liquid hydrogen,terminal,0.6629559750387
baseline,0,2022,1000,10,100,0.1709,6.028,0.228,10.18,0,0,0.31,0,electro,366.15,105,1,1,1,53,5450,1,0,0,5250,0.25,0.25,1.0,300,1,0.9999,0.0731028611028611,1,9.64671203342243,3500,1,0,0,1,liquid hydrogen,truck,0.30940815950784856
delivery only,1,2022,1000,10,100,0.1709,6.028,0.0,10.18,0,0,0.0,0,purchase,366.15,105,1,1,1,53,5450,1,0,0,5250,0.25,0.25,1.0,300,1,0.9999,0.0731028611028611,1,9.64671203342243,3500,1,0,0,1,LOHC - formic acid,refueling station,6.08745778362643
delivery only,1,2022,1000,10,100,0.1709,6.028,0.0,10.18,0,0,0.0,0,purchase,366.15,105,1,1,1,53,5450,1,0,0,5250,0.25,0.25,1.0,300,1,0.9999,0.0731028611028611,1,9.64671203342243,3500,1,0,0,1,LOHC - formic acid,terminal,0.16341579864049147
delivery only,1,2022,1000,10,100,0.1709,6.028,0.0,10.18,0,0,0.0,0,purchase,366.15,105,1,1,1,53,5450,1,0,0,5250,0.25,0.25,1.0,300,1,0.9999,0.0731028611028611,1,9.64671203342243,3500,1,0,0,1,LOHC - formic acid,truck,0.9944972300879655
delivery only,1,2022,1000,10,100,0.1709,6.028,0.0,10.18,0,0,0.0,0,purchase,366.15,105,1,1,1,53,5450,1,0,0,5250,0.25,0.25,1.0,300,1,0.9999,0.0731028611028611,1,9.64671203342243,3500,1,0,0,1,compressed hydrogen,refueling station,2.5034941358787273
delivery only,1,2022,1000,10,100,0.1709,6.028,0.0,10.18,0,0,0.0,0,purchase,366.15,105,1,1,1,53,5450,1,0,0,5250,0.25,0.25,1.0,300,1,0.9999,0.0731028611028611,1,9.64671203342243,3500,1,0,0,1,compressed hydrogen,terminal,2.4809702422978375
delivery only,1,2022,1000,10,100,0.1709,6.028,0.0,10.18,0,0,0.0,0,purchase,366.15,105,1,1,1,53,5450,1,0,0,5250,0.25,0.25,1.0,300,1,0.9999,0.0731028611028611,1,9.64671203342243,3500,1,0,0,1,compressed hydrogen,truck,0.877489096338476
delivery only,1,2022,1000,10,100,0.1709,6.028,0.0,10.18,0,0,0.0,0,purchase,366.15,105,1,1,1,53,5450,1,0,0,5250,0.25,0.25,1.0,300,1,0.9999,0.0731028611028611,1,9.64671203342243,3500,1,0,0,1,liquid hydrogen,liquefier,4.4352310750937525
delivery only,1,2022,1000,10,100,0.1709,6.028,0.0,10.18,0,0,0.0,0,purchase,366.15,105,1,1,1,53,5450,1,0,0,5250,0.25,0.25,1.0,300,1,0.9999,0.0731028611028611,1,9.64671203342243,3500,1,0,0,1,liquid hydrogen,refueling station,1.8662260539119262
delivery only,1,2022,1000,10,100,0.1709,6.028,0.0,10.18,0,0,0.0,0,purchase,366.15,105,1,1,1,53,5450,1,0,0,5250,0.25,0.25,1.0,300,1,0.9999,0.0731028611028611,1,9.64671203342243,3500,1,0,0,1,liquid hydrogen,terminal,0.3529559750386999
delivery only,1,2022,1000,10,100,0.1709,6.028,0.0,10.18,0,0,0.0,0,purchase,366.15,105,1,1,1,53,5450,1,0,0,5250,0.25,0.25,1.0,300,1,0.9999,0.0731028611028611,1,9.64671203342243,3500,1,0,0,1,liquid hydrogen,truck,0.30940815950784856
closed loop,2,2022,1000,10,100,0.1709,6.028,0.0,10.18,0,0,0.31,0,electro,366.15,105,1,1,1,53,5450,1,0,0,5250,0.25,0.25,1.0,300,1,0.9999,0.0731028611028611,1,9.64671203342243,3500,1,0,0,1,LOHC - formic acid,refueling station,6.08745778362643
closed loop,2,2022,1000,10,100,0.1709,6.028,0.0,10.18,0,0,0.31,0,electro,366.15,105,1,1,1,53,5450,1,0,0,5250,0.25,0.25,1.0,300,1,0.9999,0.0731028611028611,1,9.64671203342243,3500,1,0,0,1,LOHC - formic acid,terminal,15.020300860716624
closed loop,2,2022,1000,10,100,0.1709,6.028,0.0,10.18,0,0,0.31,0,electro,366.15,105,1,1,1,53,5450,1,0,0,5250,0.25,0.25,1.0,300,1,0.9999,0.0731028611028611,1,9.64671203342243,3500,1,0,0,1,LOHC - formic acid,truck,11.135787798322093
closed loop,2,2022,1000,10,100,0.1709,6.028,0.0,10.18,0,0,0.31,0,electro,366.15,105,1,1,1,53,5450,1,0,0,5250,0.25,0.25,1.0,300,1,0.9999,0.0731028611028611,1,9.64671203342243,3500,1,0,0,1,compressed hydrogen,refueling station,2.5034941358787273
closed loop,2,2022,1000,10,100,0.1709,6.028,0.0,10.18,0,0,0.31,0,electro,366.15,105,1,1,1,53,5450,1,0,0,5250,0.25,0.25,1.0,300,1,0.9999,0.0731028611028611,1,9.64671203342243,3500,1,0,0,1,compressed hydrogen,terminal,2.7909702422978375
closed loop,2,2022,1000,10,100,0.1709,6.028,0.0,10.18,0,0,0.31,0,electro,366.15,105,1,1,1,53,5450,1,0,0,5250,0.25,0.25,1.0,300,1,0.9999,0.0731028611028611,1,9.64671203342243,3500,1,0,0,1,compressed hydrogen,truck,0.877489096338476
closed loop,2,2022,1000,10,100,0.1709,6.028,0.0,10.18,0,0,0.31,0,electro,366.15,105,1,1,1,53,5450,1,0,0,5250,0.25,0.25,1.0,300,1,0.9999,0.0731028611028611,1,9.64671203342243,3500,1,0,0,1,liquid hydrogen,liquefier,4.4352310750937525
closed loop,2,2022,1000,10,100,0.1709,6.028,0.0,10.18,0,0,0.31,0,electro,366.15,105,1,1,1,53,5450,1,0,0,5250,0.25,0.25,1.0,300,1,0.9999,0.0731028611028611,1,9.64671203342243,3500,1,0,0,1,liquid hydrogen,refueling station,1.8662260539119262
closed loop,2,2022,1000,10,100,0.1709,6.028,0.0,10.18,0,0,0.31,0,electro,366.15,105,1,1,1,53,5450,1,0,0,5250,0.25,0.25,1.0,300,1,0.9999,0.0731028611028611,1,9.64671203342243,3500,1,0,0,1,liquid hydrogen,terminal,0.6629559750387
closed loop,2,2022,1000,10,100,0.1709,6.028,0.0,10.18,0,0,0.31,0,electro,366.15,105,1,1,1,53,5450,1,0,0,5250,0.25,0.25,1.0,300,1,0.9999,0.0731028611028611,1,9.64671203342243,3500,1,0,0,1,liquid hydrogen,truck,0.30940815950784856
cloosed loop - 0.25 day stor,3,2022,1000,10,100,0.1709,6.028,0.0,10.18,0,0,0.31,0,electro,366.15,105,1,1,1,53,5450,1,0,0,5250,0.25,0.25,0.25,300,1,0.9999,0.0731028611028611,1,9.64671203342243,3500,1,0,0,1,LOHC - formic acid,refueling station,6.08745778362643
cloosed loop - 0.25 day stor,3,2022,1000,10,100,0.1709,6.028,0.0,10.18,0,0,0.31,0,electro,366.15,105,1,1,1,53,5450,1,0,0,5250,0.25,0.25,0.25,300,1,0.9999,0.0731028611028611,1,9.64671203342243,3500,1,0,0,1,LOHC - formic acid,terminal,15.020300860716624
cloosed loop - 0.25 day stor,3,2022,1000,10,100,0.1709,6.028,0.0,10.18,0,0,0.31,0,electro,366.15,105,1,1,1,53,5450,1,0,0,5250,0.25,0.25,0.25,300,1,0.9999,0.0731028611028611,1,9.64671203342243,3500,1,0,0,1,LOHC - formic acid,truck,11.135787798322093
cloosed loop - 0.25 day stor,3,2022,1000,10,100,0.1709,6.028,0.0,10.18,0,0,0.31,0,electro,366.15,105,1,1,1,53,5450,1,0,0,5250,0.25,0.25,0.25,300,1,0.9999,0.0731028611028611,1,9.64671203342243,3500,1,0,0,1,compressed hydrogen,refueling station,2.5034941358787273
cloosed loop - 0.25 day stor,3,2022,1000,10,100,0.1709,6.028,0.0,10.18,0,0,0.31,0,electro,366.15,105,1,1,1,53,5450,1,0,0,5250,0.25,0.25,0.25,300,1,0.9999,0.0731028611028611,1,9.64671203342243,3500,1,0,0,1,compressed hydrogen,terminal,2.7909702422978375
cloosed loop - 0.25 day stor,3,2022,1000,10,100,0.1709,6.028,0.0,10.18,0,0,0.31,0,electro,366.15,105,1,1,1,53,5450,1,0,0,5250,0.25,0.25,0.25,300,1,0.9999,0.0731028611028611,1,9.64671203342243,3500,1,0,0,1,compressed hydrogen,truck,0.877489096338476
cloosed loop - 0.25 day stor,3,2022,1000,10,100,0.1709,6.028,0.0,10.18,0,0,0.31,0,electro,366.15,105,1,1,1,53,5450,1,0,0,5250,0.25,0.25,0.25,300,1,0.9999,0.0731028611028611,1,9.64671203342243,3500,1,0,0,1,liquid hydrogen,liquefier,4.4352310750937525
cloosed loop - 0.25 day stor,3,2022,1000,10,100,0.1709,6.028,0.0,10.18,0,0,0.31,0,electro,366.15,105,1,1,1,53,5450,1,0,0,5250,0.25,0.25,0.25,300,1,0.9999,0.0731028611028611,1,9.64671203342243,3500,1,0,0,1,liquid hydrogen,refueling station,1.8662260539119262
cloosed loop - 0.25 day stor,3,2022,1000,10,100,0.1709,6.028,0.0,10.18,0,0,0.31,0,electro,366.15,105,1,1,1,53,5450,1,0,0,5250,0.25,0.25,0.25,300,1,0.9999,0.0731028611028611,1,9.64671203342243,3500,1,0,0,1,liquid hydrogen,terminal,0.6307945742138842
cloosed loop - 0.25 day stor,3,2022,1000,10,100,0.1709,6.028,0.0,10.18,0,0,0.31,0,electro,366.15,105,1,1,1,53,5450,1,0,0,5250,0.25,0.25,0.25,300,1,0.9999,0.0731028611028611,1,9.64671203342243,3500,1,0,0,1,liquid hydrogen,truck,0.30940815950784856
cloosed loop - 1 day stor,4,2022,1000,10,100,0.1709,6.028,0.0,10.18,0,0,0.31,0,electro,366.15,105,1,1,1,53,5450,1,0,0,5250,1.0,1.0,1.0,300,1,0.9999,0.0731028611028611,1,9.64671203342243,3500,1,0,0,1,LOHC - formic acid,refueling station,6.08745778362643
cloosed loop - 1 day stor,4,2022,1000,10,100,0.1709,6.028,0.0,10.18,0,0,0.31,0,electro,366.15,105,1,1,1,53,5450,1,0,0,5250,1.0,1.0,1.0,300,1,0.9999,0.0731028611028611,1,9.64671203342243,3500,1,0,0,1,LOHC - formic acid,terminal,15.035428886386157
cloosed loop - 1 day stor,4,2022,1000,10,100,0.1709,6.028,0.0,10.18,0,0,0.31,0,electro,366.15,105,1,1,1,53,5450,1,0,0,5250,1.0,1.0,1.0,300,1,0.9999,0.0731028611028611,1,9.64671203342243,3500,1,0,0,1,LOHC - formic acid,truck,11.135787798322093
cloosed loop - 1 day stor,4,2022,1000,10,100,0.1709,6.028,0.0,10.18,0,0,0.31,0,electro,366.15,105,1,1,1,53,5450,1,0,0,5250,1.0,1.0,1.0,300,1,0.9999,0.0731028611028611,1,9.64671203342243,3500,1,0,0,1,compressed hydrogen,refueling station,2.5034941358787273
cloosed loop - 1 day stor,4,2022,1000,10,100,0.1709,6.028,0.0,10.18,0,0,0.31,0,electro,366.15,105,1,1,1,53,5450,1,0,0,5250,1.0,1.0,1.0,300,1,0.9999,0.0731028611028611,1,9.64671203342243,3500,1,0,0,1,compressed hydrogen,terminal,4.548285406587822
cloosed loop - 1 day stor,4,2022,1000,10,100,0.1709,6.028,0.0,10.18,0,0,0.31,0,electro,366.15,105,1,1,1,53,5450,1,0,0,5250,1.0,1.0,1.0,300,1,0.9999,0.0731028611028611,1,9.64671203342243,3500,1,0,0,1,compressed hydrogen,truck,0.877489096338476
cloosed loop - 1 day stor,4,2022,1000,10,100,0.1709,6.028,0.0,10.18,0,0,0.31,0,electro,366.15,105,1,1,1,53,5450,1,0,0,5250,1.0,1.0,1.0,300,1,0.9999,0.0731028611028611,1,9.64671203342243,3500,1,0,0,1,liquid hydrogen,liquefier,4.4352310750937525
cloosed loop - 1 day stor,4,2022,1000,10,100,0.1709,6.028,0.0,10.18,0,0,0.31,0,electro,366.15,105,1,1,1,53,5450,1,0,0,5250,1.0,1.0,1.0,300,1,0.9999,0.0731028611028611,1,9.64671203342243,3500,1,0,0,1,liquid hydrogen,refueling station,1.8662260539119262
cloosed loop - 1 day stor,4,2022,1000,10,100,0.1709,6.028,0.0,10.18,0,0,0.31,0,electro,366.15,105,1,1,1,53,5450,1,0,0,5250,1.0,1.0,1.0,300,1,0.9999,0.0731028611028611,1,9.64671203342243,3500,1,0,0,1,liquid hydrogen,terminal,0.6629559750387
cloosed loop - 1 day stor,4,2022,1000,10,100,0.1709,6.028,0.0,10.18,0,0,0.31,0,electro,366.15,105,1,1,1,53,5450,1,0,0,5250,1.0,1.0,1.0,300,1,0.9999,0.0731028611028611,1,9.64671203342243,3500,1,0,0,1,liquid hydrogen,truck,0.30940815950784856
cloosed loop - 5 day stor,5,2022,1000,10,100,0.1709,6.028,0.0,10.18,0,0,0.31,0,electro,366.15,105,1,1,1,53,5450,1,0,0,5250,5.0,5.0,5.0,300,1,0.9999,0.0731028611028611,1,9.64671203342243,3500,1,0,0,1,LOHC - formic acid,refueling station,6.08745778362643
cloosed loop - 5 day stor,5,2022,1000,10,100,0.1709,6.028,0.0,10.18,0,0,0.31,0,electro,366.15,105,1,1,1,53,5450,1,0,0,5250,5.0,5.0,5.0,300,1,0.9999,0.0731028611028611,1,9.64671203342243,3500,1,0,0,1,LOHC - formic acid,terminal,15.118521564060435
cloosed loop - 5 day stor,5,2022,1000,10,100,0.1709,6.028,0.0,10.18,0,0,0.31,0,electro,366.15,105,1,1,1,53,5450,1,0,0,5250,5.0,5.0,5.0,300,1,0.9999,0.0731028611028611,1,9.64671203342243,3500,1,0,0,1,LOHC - formic acid,truck,11.135787798322093
cloosed loop - 5 day stor,5,2022,1000,10,100,0.1709,6.028,0.0,10.18,0,0,0.31,0,electro,366.15,105,1,1,1,53,5450,1,0,0,5250,5.0,5.0,5.0,300,1,0.9999,0.0731028611028611,1,9.64671203342243,3500,1,0,0,1,compressed hydrogen,refueling station,2.5034941358787273
cloosed loop - 5 day stor,5,2022,1000,10,100,0.1709,6.028,0.0,10.18,0,0,0.31,0,electro,366.15,105,1,1,1,53,5450,1,0,0,5250,5.0,5.0,5.0,300,1,0.9999,0.0731028611028611,1,9.64671203342243,3500,1,0,0,1,compressed hydrogen,terminal,13.919840294905589
cloosed loop - 5 day stor,5,2022,1000,10,100,0.1709,6.028,0.0,10.18,0,0,0.31,0,electro,366.15,105,1,1,1,53,5450,1,0,0,5250,5.0,5.0,5.0,300,1,0.9999,0.0731028611028611,1,9.64671203342243,3500,1,0,0,1,compressed hydrogen,truck,0.877489096338476
cloosed loop - 5 day stor,5,2022,1000,10,100,0.1709,6.028,0.0,10.18,0,0,0.31,0,electro,366.15,105,1,1,1,53,5450,1,0,0,5250,5.0,5.0,5.0,300,1,0.9999,0.0731028611028611,1,9.64671203342243,3500,1,0,0,1,liquid hydrogen,liquefier,4.4352310750937525
cloosed loop - 5 day stor,5,2022,1000,10,100,0.1709,6.028,0.0,10.18,0,0,0.31,0,electro,366.15,105,1,1,1,53,5450,1,0,0,5250,5.0,5.0,5.0,300,1,0.9999,0.0731028611028611,1,9.64671203342243,3500,1,0,0,1,liquid hydrogen,refueling station,1.8662260539119262
cloosed loop - 5 day stor,5,2022,1000,10,100,0.1709,6.028,0.0,10.18,0,0,0.31,0,electro,366.15,105,1,1,1,53,5450,1,0,0,5250,5.0,5.0,5.0,300,1,0.9999,0.0731028611028611,1,9.64671203342243,3500,1,0,0,1,liquid hydrogen,terminal,0.8245185519639875
cloosed loop - 5 day stor,5,2022,1000,10,100,0.1709,6.028,0.0,10.18,0,0,0.31,0,electro,366.15,105,1,1,1,53,5450,1,0,0,5250,5.0,5.0,5.0,300,1,0.9999,0.0731028611028611,1,9.64671203342243,3500,1,0,0,1,liquid hydrogen,truck,0.30940815950784856
cloosed loop - 10 day stor,6,2022,1000,10,100,0.1709,6.028,0.0,10.18,0,0,0.31,0,electro,366.15,105,1,1,1,53,5450,1,0,0,5250,10.0,10.0,10.0,300,1,0.9999,0.0731028611028611,1,9.64671203342243,3500,1,0,0,1,LOHC - formic acid,refueling station,6.08745778362643
cloosed loop - 10 day stor,6,2022,1000,10,100,0.1709,6.028,0.0,10.18,0,0,0.31,0,electro,366.15,105,1,1,1,53,5450,1,0,0,5250,10.0,10.0,10.0,300,1,0.9999,0.0731028611028611,1,9.64671203342243,3500,1,0,0,1,LOHC - formic acid,terminal,15.220355113975119
cloosed loop - 10 day stor,6,2022,1000,10,100,0.1709,6.028,0.0,10.18,0,0,0.31,0,electro,366.15,105,1,1,1,53,5450,1,0,0,5250,10.0,10.0,10.0,300,1,0.9999,0.0731028611028611,1,9.64671203342243,3500,1,0,0,1,LOHC - formic acid,truck,11.135787798322093
cloosed loop - 10 day stor,6,2022,1000,10,100,0.1709,6.028,0.0,10.18,0,0,0.31,0,electro,366.15,105,1,1,1,53,5450,1,0,0,5250,10.0,10.0,10.0,300,1,0.9999,0.0731028611028611,1,9.64671203342243,3500,1,0,0,1,compressed hydrogen,refueling station,2.5034941358787273
cloosed loop - 10 day stor,6,2022,1000,10,100,0.1709,6.028,0.0,10.18,0,0,0.31,0,electro,366.15,105,1,1,1,53,5450,1,0,0,5250,10.0,10.0,10.0,300,1,0.9999,0.0731028611028611,1,9.64671203342243,3500,1,0,0,1,compressed hydrogen,terminal,25.633689414381188
cloosed loop - 10 day stor,6,2022,1000,10,100,0.1709,6.028,0.0,10.18,0,0,0.31,0,electro,366.15,105,1,1,1,53,5450,1,0,0,5250,10.0,10.0,10.0,300,1,0.9999,0.0731028611028611,1,9.64671203342243,3500,1,0,0,1,compressed hydrogen,truck,0.877489096338476
cloosed loop - 10 day stor,6,2022,1000,10,100,0.1709,6.028,0.0,10.18,0,0,0.31,0,electro,366.15,105,1,1,1,53,5450,1,0,0,5250,10.0,10.0,10.0,300,1,0.9999,0.0731028611028611,1,9.64671203342243,3500,1,0,0,1,liquid hydrogen,liquefier,4.4352310750937525
cloosed loop - 10 day stor,6,2022,1000,10,100,0.1709,6.028,0.0,10.18,0,0,0.31,0,electro,366.15,105,1,1,1,53,5450,1,0,0,5250,10.0,10.0,10.0,300,1,0.9999,0.0731028611028611,1,9.64671203342243,3500,1,0,0,1,liquid hydrogen,refueling station,1.8662260539119262
cloosed loop - 10 day stor,6,2022,1000,10,100,0.1709,6.028,0.0,10.18,0,0,0.31,0,electro,366.15,105,1,1,1,53,5450,1,0,0,5250,10.0,10.0,10.0,300,1,0.9999,0.0731028611028611,1,9.64671203342243,3500,1,0,0,1,liquid hydrogen,terminal,1.0028707080512373
cloosed loop - 10 day stor,6,2022,1000,10,100,0.1709,6.028,0.0,10.18,0,0,0.31,0,electro,366.15,105,1,1,1,53,5450,1,0,0,5250,10.0,10.0,10.0,300,1,0.9999,0.0731028611028611,1,9.64671203342243,3500,1,0,0,1,liquid hydrogen,truck,0.30940815950784856
cloosed loop - 30 day stor,7,2022,1000,10,100,0.1709,6.028,0.0,10.18,0,0,0.31,0,electro,366.15,105,1,1,1,53,5450,1,0,0,5250,30.0,30.0,30.0,300,1,0.9999,0.0731028611028611,1,9.64671203342243,3500,1,0,0,1,LOHC - formic acid,refueling station,6.08745778362643
cloosed loop - 30 day stor,7,2022,1000,10,100,0.1709,6.028,0.0,10.18,0,0,0.31,0,electro,366.15,105,1,1,1,53,5450,1,0,0,5250,30.0,30.0,30.0,300,1,0.9999,0.0731028611028611,1,9.64671203342243,3500,1,0,0,1,LOHC - formic acid,terminal,15.62760589922042
cloosed loop - 30 day stor,7,2022,1000,10,100,0.1709,6.028,0.0,10.18,0,0,0.31,0,electro,366.15,105,1,1,1,53,5450,1,0,0,5250,30.0,30.0,30.0,300,1,0.9999,0.0731028611028611,1,9.64671203342243,3500,1,0,0,1,LOHC - formic acid,truck,11.135787798322093
cloosed loop - 30 day stor,7,2022,1000,10,100,0.1709,6.028,0.0,10.18,0,0,0.31,0,electro,366.15,105,1,1,1,53,5450,1,0,0,5250,30.0,30.0,30.0,300,1,0.9999,0.0731028611028611,1,9.64671203342243,3500,1,0,0,1,compressed hydrogen,refueling station,2.5034941358787273
cloosed loop - 30 day stor,7,2022,1000,10,100,0.1709,6.028,0.0,10.18,0,0,0.31,0,electro,366.15,105,1,1,1,53,5450,1,0,0,5250,30.0,30.0,30.0,300,1,0.9999,0.0731028611028611,1,9.64671203342243,3500,1,0,0,1,compressed hydrogen,terminal,72.48908589228358
cloosed loop - 30 day stor,7,2022,1000,10,100,0.1709,6.028,0.0,10.18,0,0,0.31,0,electro,366.15,105,1,1,1,53,5450,1,0,0,5250,30.0,30.0,30.0,300,1,0.9999,0.0731028611028611,1,9.64671203342243,3500,1,0,0,1,compressed hydrogen,truck,0.877489096338476
cloosed loop - 30 day stor,7,2022,1000,10,100,0.1709,6.028,0.0,10.18,0,0,0.31,0,electro,366.15,105,1,1,1,53,5450,1,0,0,5250,30.0,30.0,30.0,300,1,0.9999,0.0731028611028611,1,9.64671203342243,3500,1,0,0,1,liquid hydrogen,liquefier,4.4352310750937525
cloosed loop - 30 day stor,7,2022,1000,10,100,0.1709,6.028,0.0,10.18,0,0,0.31,0,electro,366.15,105,1,1,1,53,5450,1,0,0,5250,30.0,30.0,30.0,300,1,0.9999,0.0731028611028611,1,9.64671203342243,3500,1,0,0,1,liquid hydrogen,refueling station,1.8662260539119262
cloosed loop - 30 day stor,7,2022,1000,10,100,0.1709,6.028,0.0,10.18,0,0,0.31,0,electro,366.15,105,1,1,1,53,5450,1,0,0,5250,30.0,30.0,30.0,300,1,0.9999,0.0731028611028611,1,9.64671203342243,3500,1,0,0,1,liquid hydrogen,terminal,1.4540452760740181
cloosed loop - 30 day stor,7,2022,1000,10,100,0.1709,6.028,0.0,10.18,0,0,0.31,0,electro,366.15,105,1,1,1,53,5450,1,0,0,5250,30.0,30.0,30.0,300,1,0.9999,0.0731028611028611,1,9.64671203342243,3500,1,0,0,1,liquid hydrogen,truck,0.30940815950784856
cloosed loop - 60 day stor,8,2022,1000,10,100,0.1709,6.028,0.0,10.18,0,0,0.31,0,electro,366.15,105,1,1,1,53,5450,1,0,0,5250,60.0,60.0,60.0,300,1,0.9999,0.0731028611028611,1,9.64671203342243,3500,1,0,0,1,LOHC - formic acid,refueling station,6.08745778362643
cloosed loop - 60 day stor,8,2022,1000,10,100,0.1709,6.028,0.0,10.18,0,0,0.31,0,electro,366.15,105,1,1,1,53,5450,1,0,0,5250,60.0,60.0,60.0,300,1,0.9999,0.0731028611028611,1,9.64671203342243,3500,1,0,0,1,LOHC - formic acid,terminal,16.23846045796913
cloosed loop - 60 day stor,8,2022,1000,10,100,0.1709,6.028,0.0,10.18,0,0,0.31,0,electro,366.15,105,1,1,1,53,5450,1,0,0,5250,60.0,60.0,60.0,300,1,0.9999,0.0731028611028611,1,9.64671203342243,3500,1,0,0,1,LOHC - formic acid,truck,11.135787798322093
cloosed loop - 60 day stor,8,2022,1000,10,100,0.1709,6.028,0.0,10.18,0,0,0.31,0,electro,366.15,105,1,1,1,53,5450,1,0,0,5250,60.0,60.0,60.0,300,1,0.9999,0.0731028611028611,1,9.64671203342243,3500,1,0,0,1,compressed hydrogen,refueling station,2.5034941358787273
cloosed loop - 60 day stor,8,2022,1000,10,100,0.1709,6.028,0.0,10.18,0,0,0.31,0,electro,366.15,105,1,1,1,53,5450,1,0,0,5250,60.0,60.0,60.0,300,1,0.9999,0.0731028611028611,1,9.64671203342243,3500,1,0,0,1,compressed hydrogen,terminal,142.77455857282362
cloosed loop - 60 day stor,8,2022,1000,10,100,0.1709,6.028,0.0,10.18,0,0,0.31,0,electro,366.15,105,1,1,1,53,5450,1,0,0,5250,60.0,60.0,60.0,300,1,0.9999,0.0731028611028611,1,9.64671203342243,3500,1,0,0,1,compressed hydrogen,truck,0.877489096338476
cloosed loop - 60 day stor,8,2022,1000,10,100,0.1709,6.028,0.0,10.18,0,0,0.31,0,electro,366.15,105,1,1,1,53,5450,1,0,0,5250,60.0,60.0,60.0,300,1,0.9999,0.0731028611028611,1,9.64671203342243,3500,1,0,0,1,liquid hydrogen,liquefier,4.4352310750937525
cloosed loop - 60 day stor,8,2022,1000,10,100,0.1709,6.028,0.0,10.18,0,0,0.31,0,electro,366.15,105,1,1,1,53,5450,1,0,0,5250,60.0,60.0,60.0,300,1,0.9999,0.0731028611028611,1,9.64671203342243,3500,1,0,0,1,liquid hydrogen,refueling station,1.8662260539119262
cloosed loop - 60 day stor,8,2022,1000,10,100,0.1709,6.028,0.0,10.18,0,0,0.31,0,electro,366.15,105,1,1,1,53,5450,1,0,0,5250,60.0,60.0,60.0,300,1,0.9999,0.0731028611028611,1,9.64671203342243,3500,1,0,0,1,liquid hydrogen,terminal,1.3441049591295324
cloosed loop - 60 day stor,8,2022,1000,10,100,0.1709,6.028,0.0,10.18,0,0,0.31,0,electro,366.15,105,1,1,1,53,5450,1,0,0,5250,60.0,60.0,60.0,300,1,0.9999,0.0731028611028611,1,9.64671203342243,3500,1,0,0,1,liquid hydrogen,truck,0.30940815950784856
cloosed loop - 90 day stor,9,2022,1000,10,100,0.1709,6.028,0.0,10.18,0,0,0.31,0,electro,366.15,105,1,1,1,53,5450,1,0,0,5250,90.0,90.0,90.0,300,1,0.9999,0.0731028611028611,1,9.64671203342243,3500,1,0,0,1,LOHC - formic acid,refueling station,6.08745778362643
cloosed loop - 90 day stor,9,2022,1000,10,100,0.1709,6.028,0.0,10.18,0,0,0.31,0,electro,366.15,105,1,1,1,53,5450,1,0,0,5250,90.0,90.0,90.0,300,1,0.9999,0.0731028611028611,1,9.64671203342243,3500,1,0,0,1,LOHC - formic acid,terminal,16.851412104066164
cloosed loop - 90 day stor,9,2022,1000,10,100,0.1709,6.028,0.0,10.18,0,0,0.31,0,electro,366.15,105,1,1,1,53,5450,1,0,0,5250,90.0,90.0,90.0,300,1,0.9999,0.0731028611028611,1,9.64671203342243,3500,1,0,0,1,LOHC - formic acid,truck,11.135787798322093
cloosed loop - 90 day stor,9,2022,1000,10,100,0.1709,6.028,0.0,10.18,0,0,0.31,0,electro,366.15,105,1,1,1,53,5450,1,0,0,5250,90.0,90.0,90.0,300,1,0.9999,0.0731028611028611,1,9.64671203342243,3500,1,0,0,1,compressed hydrogen,refueling station,2.5034941358787273
cloosed loop - 90 day stor,9,2022,1000,10,100,0.1709,6.028,0.0,10.18,0,0,0.31,0,electro,366.15,105,1,1,1,53,5450,1,0,0,5250,90.0,90.0,90.0,300,1,0.9999,0.0731028611028611,1,9.64671203342243,3500,1,0,0,1,compressed hydrogen,terminal,213.05765328967723
cloosed loop - 90 day stor,9,2022,1000,10,100,0.1709,6.028,0.0,10.18,0,0,0.31,0,electro,366.15,105,1,1,1,53,5450,1,0,0,5250,90.0,90.0,90.0,300,1,0.9999,0.0731028611028611,1,9.64671203342243,3500,1,0,0,1,compressed hydrogen,truck,0.877489096338476
cloosed loop - 90 day stor,9,2022,1000,10,100,0.1709,6.028,0.0,10.18,0,0,0.31,0,electro,366.15,105,1,1,1,53,5450,1,0,0,5250,90.0,90.0,90.0,300,1,0.9999,0.0731028611028611,1,9.64671203342243,3500,1,0,0,1,liquid hydrogen,liquefier,4.4352310750937525
cloosed loop - 90 day stor,9,2022,1000,10,100,0.1709,6.028,0.0,10.18,0,0,0.31,0,electro,366.15,105,1,1,1,53,5450,1,0,0,5250,90.0,90.0,90.0,300,1,0.9999,0.0731028611028611,1,9.64671203342243,3500,1,0,0,1,liquid hydrogen,refueling station,1.8662260539119262
cloosed loop - 90 day stor,9,2022,1000,10,100,0.1709,6.028,0.0,10.18,0,0,0.31,0,electro,366.15,105,1,1,1,53,5450,1,0,0,5250,90.0,90.0,90.0,300,1,0.9999,0.0731028611028611,1,9.64671203342243,3500,1,0,0,1,liquid hydrogen,terminal,2.553014481424073
cloosed loop - 90 day stor,9,2022,1000,10,100,0.1709,6.028,0.0,10.18,0,0,0.31,0,electro,366.15,105,1,1,1,53,5450,1,0,0,5250,90.0,90.0,90.0,300,1,0.9999,0.0731028611028611,1,9.64671203342243,3500,1,0,0,1,liquid hydrogen,truck,0.30940815950784856
cloosed loop - 120 day stor,10,2022,1000,10,100,0.1709,6.028,0.0,10.18,0,0,0.31,0,electro,366.15,105,1,1,1,53,5450,1,0,0,5250,120.0,120.0,120.0,300,1,0.9999,0.0731028611028611,1,9.64671203342243,3500,1,0,0,1,LOHC - formic acid,refueling station,6.08745778362643
cloosed loop - 120 day stor,10,2022,1000,10,100,0.1709,6.028,0.0,10.18,0,0,0.31,0,electro,366.15,105,1,1,1,53,5450,1,0,0,5250,120.0,120.0,120.0,300,1,0.9999,0.0731028611028611,1,9.64671203342243,3500,1,0,0,1,LOHC - formic acid,terminal,17.462265198970673
cloosed loop - 120 day stor,10,2022,1000,10,100,0.1709,6.028,0.0,10.18,0,0,0.31,0,electro,366.15,105,1,1,1,53,5450,1,0,0,5250,120.0,120.0,120.0,300,1,0.9999,0.0731028611028611,1,9.64671203342243,3500,1,0,0,1,LOHC - formic acid,truck,11.135787798322093
cloosed loop - 120 day stor,10,2022,1000,10,100,0.1709,6.028,0.0,10.18,0,0,0.31,0,electro,366.15,105,1,1,1,53,5450,1,0,0,5250,120.0,120.0,120.0,300,1,0.9999,0.0731028611028611,1,9.64671203342243,3500,1,0,0,1,compressed hydrogen,refueling station,2.5034941358787273
cloosed loop - 120 day stor,10,2022,1000,10,100,0.1709,6.028,0.0,10.18,0,0,0.31,0,electro,366.15,105,1,1,1,53,5450,1,0,0,5250,120.0,120.0,120.0,300,1,0.9999,0.0731028611028611,1,9.64671203342243,3500,1,0,0,1,compressed hydrogen,terminal,283.3431259702172
cloosed loop - 120 day stor,10,2022,1000,10,100,0.1709,6.028,0.0,10.18,0,0,0.31,0,electro,366.15,105,1,1,1,53,5450,1,0,0,5250,120.0,120.0,120.0,300,1,0.9999,0.0731028611028611,1,9.64671203342243,3500,1,0,0,1,compressed hydrogen,truck,0.877489096338476
cloosed loop - 120 day stor,10,2022,1000,10,100,0.1709,6.028,0.0,10.18,0,0,0.31,0,electro,366.15,105,1,1,1,53,5450,1,0,0,5250,120.0,120.0,120.0,300,1,0.9999,0.0731028611028611,1,9.64671203342243,3500,1,0,0,1,liquid hydrogen,liquefier,4.4352310750937525
cloosed loop - 120 day stor,10,2022,1000,10,100,0.1709,6.028,0.0,10.18,0,0,0.31,0,electro,366.15,105,1,1,1,53,5450,1,0,0,5250,120.0,120.0,120.0,300,1,0.9999,0.0731028611028611,1,9.64671203342243,3500,1,0,0,1,liquid hydrogen,refueling station,1.8662260539119262
cloosed loop - 120 day stor,10,2022,1000,10,100,0.1709,6.028,0.0,10.18,0,0,0.31,0,electro,366.15,105,1,1,1,53,5450,1,0,0,5250,120.0,120.0,120.0,300,1,0.9999,0.0731028611028611,1,9.64671203342243,3500,1,0,0,1,liquid hydrogen,terminal,2.2070635137859904
cloosed loop - 120 day stor,10,2022,1000,10,100,0.1709,6.028,0.0,10.18,0,0,0.31,0,electro,366.15,105,1,1,1,53,5450,1,0,0,5250,120.0,120.0,120.0,300,1,0.9999,0.0731028611028611,1,9.64671203342243,3500,1,0,0,1,liquid hydrogen,truck,0.30940815950784856
